"","Delay","Embed","Radius","RR","DET","LMAX","L","ENTR","LAM","TT"
"1",0,20,0.366243242916349,4.64341610607475,90.8278351419239,28,5.05880479779217,2.04295543112936,94.5948109270122,6.71749898497767
"2",0,19,0.37886803734018,4.81498611620514,86.3972579422187,22,4.80062767352378,2.00889673031665,95.0632901598502,6.76181172780056
"3",0,20,0.373490272166107,4.67089932269723,90.6326781326781,28,5.13686788222104,2.05965840579232,93.8476033815017,7.27072914986288
"4",NA,NA,NA,NA,NA,NA,NA,NA,NA,NA
"5",NA,NA,NA,NA,NA,NA,NA,NA,NA,NA
"6",0,20,0.33482943018794,4.99103523905098,90.2306966730438,29,5.57881383855025,2.25014111890515,96.2829538127035,8.61665394887448
"7",NA,NA,NA,NA,NA,NA,NA,NA,NA,NA
"8",NA,NA,NA,NA,NA,NA,NA,NA,NA,NA
"9",0,20,0.367044894068979,4.63500821624198,91.9329787910883,40,5.26726134316837,2.12760228604969,95.553501322984,7.10974353262232
"10",NA,NA,NA,NA,NA,NA,NA,NA,NA,NA
"11",NA,NA,NA,NA,NA,NA,NA,NA,NA,NA
"12",29,11,1.68996122576777,2.22488460772911,86.1520151692419,15,3.65362077077719,1.68486770198086,90.5777221930851,3.8985066851884
"13",7,16,1.72395495329932,2.05513831052945,91.9834962478886,93,12.787629924291,2.85165122951913,92.6240781251442,15.5121347967228
"14",NA,NA,NA,NA,NA,NA,NA,NA,NA,NA
"15",NA,NA,NA,NA,NA,NA,NA,NA,NA,NA
"16",NA,NA,NA,NA,NA,NA,NA,NA,NA,NA
"17",NA,NA,NA,NA,NA,NA,NA,NA,NA,NA
"18",NA,NA,NA,NA,NA,NA,NA,NA,NA,NA
"19",NA,NA,NA,NA,NA,NA,NA,NA,NA,NA
"20",NA,NA,NA,NA,NA,NA,NA,NA,NA,NA
"21",0,11,0.310821035731404,5.47611270536485,93.3497419912762,60,7.30523054040654,2.64187982082506,95.9158913734173,12.2822374558877
"22",22,11,1.65233126055593,3.31519704269355,93.0727475649351,159,7.03807423036348,2.53084482422306,94.924411525974,10.5305663032008
"23",7,10,1.33234448673155,6.88871554215289,98.8761240087743,272,25.285025466893,3.72676244693619,99.4441700260786,41.2902194288235
"24",NA,NA,NA,NA,NA,NA,NA,NA,NA,NA
"25",NA,NA,NA,NA,NA,NA,NA,NA,NA,NA
"26",0,17,0.367944492881511,5.21926082097196,88.5984445626163,26,5.21020639512157,2.10012219070953,93.3039750066472,7.36484075764731
