"","Delay","Embed","Radius","RR","DET","LMAX","L","ENTR","LAM","TT"
"1",19,2,0.302007718277836,2.88178550129097,83.1987368315942,15,3.63919523913518,1.64291691806338,89.9976284387638,3.99936212108606
"2",NA,NA,NA,NA,NA,NA,NA,NA,NA,NA
"3",12,2,0.318106770752503,3.53338962899975,80.1568179602524,25,3.02308480184889,1.36254562461358,88.1432530674206,10.8326059050064
"4",18,2,0.301889168235858,4.93484245402153,85.0945277620496,13,4.10867829579271,1.83804961999748,97.3778755430398,41.0342060810811
"5",9,2,0.386328149010134,4.24543834593116,85.1382363659644,38,3.94748258933668,1.83354993948153,90.4406622738331,4.61424623115578
"6",NA,NA,NA,NA,NA,NA,NA,NA,NA,NA
"7",NA,NA,NA,NA,NA,NA,NA,NA,NA,NA
"8",24,2,0.367950128709489,3.31893538772884,83.9713744651022,21,3.19935422147811,1.49746804057995,91.0461503049833,3.59754433833561
"9",NA,NA,NA,NA,NA,NA,NA,NA,NA,NA
"10",0,2,0.195109803724308,7.54005211975227,73.646383800087,24,3.39680181661909,1.61361476448125,82.771488189864,3.80588789100103
"11",9,15,2.6579612259346,2.12032363241154,94.638235830144,95,4.56811084231361,1.93676038240479,95.9039548022599,5.09833841980332
"12",NA,NA,NA,NA,NA,NA,NA,NA,NA,NA
"13",22,2,0.376971562124043,3.33446944779713,81.1608794027099,30,3.23975717579373,1.50309836779335,90.8239233993398,3.73897299419746
"14",7,2,0.378633559775181,5.29812417426189,91.9548292760038,59,4.62543484743067,2.05334841687989,95.1605148066182,5.06446411357462
"15",29,2,0.376122791553765,3.73380131892882,82.144251182894,27,3.42734856007944,1.61289129891673,89.7071563895315,4.257330682691
"16",8,3,0.680741675263421,7.33037107357743,93.2555975518505,72,4.79015965309944,2.08330898703075,95.321943170699,5.66249715067244
"17",18,2,0.386991678957756,3.75690586330753,85.0316157549111,48,4.37594075646469,1.99794822585948,90.5101175103003,5.42072314861602
"18",25,2,0.346600007718887,3.51062533301591,81.2042101439038,27,3.42951818782364,1.63436518124076,93.0586110158032,4.86214805441316
"19",NA,NA,NA,NA,NA,NA,NA,NA,NA,NA
"20",NA,NA,NA,NA,NA,NA,NA,NA,NA,NA
"21",19,3,0.748650208352983,5.13389791017501,93.3486822597806,53,4.04623875406366,1.89084790104756,97.5448694469154,5.59175715399844
"22",0,17,0.353384235170673,5.00988672462415,52.1855198919705,17,2.98816368610968,1.37524412530383,62.8901353831239,3.43001472976546
"23",23,3,0.704660822135904,3.78972327027015,85.065111167148,21,3.13703437264225,1.46774816171091,93.1643979655437,4.16843001596594
"24",6,14,2.54902292472682,2.55512590133033,95.1023694001436,220,7.63893743446347,2.21315602961487,98.7503898232559,10.131706228142
"25",NA,NA,NA,NA,NA,NA,NA,NA,NA,NA
"26",29,2,0.386281813859564,4.12915293374928,76.2269608560532,21,3.12089383899619,1.44181144723525,91.6852472000069,4.30478365433197
